sample_id,cell_type,prop,subset_run
2107UNHS-0291_Br2720_Mid_Bulk,Astro,0.035423515931214476,491
2107UNHS-0291_Br2720_Mid_Bulk,EndoMural,0.10316554081969212,491
2107UNHS-0291_Br2720_Mid_Bulk,Micro,0.04400122129214544,491
2107UNHS-0291_Br2720_Mid_Bulk,Oligo,0.2227495075323994,491
2107UNHS-0291_Br2720_Mid_Bulk,OPC,0.07674002181581122,491
2107UNHS-0291_Br2720_Mid_Bulk,Excit,0.39305847998252696,491
2107UNHS-0291_Br2720_Mid_Bulk,Inhib,0.12486171262621035,491
2107UNHS-0291_Br2720_Mid_Cyto,Astro,0.04086627081380939,491
2107UNHS-0291_Br2720_Mid_Cyto,EndoMural,0.09809673909386997,491
2107UNHS-0291_Br2720_Mid_Cyto,Micro,0.05495397930303469,491
2107UNHS-0291_Br2720_Mid_Cyto,Oligo,0.18192381246045594,491
2107UNHS-0291_Br2720_Mid_Cyto,OPC,0.07091157955576276,491
2107UNHS-0291_Br2720_Mid_Cyto,Excit,0.43470726397507264,491
2107UNHS-0291_Br2720_Mid_Cyto,Inhib,0.1185403547979945,491
2107UNHS-0291_Br2720_Mid_Nuc,Astro,0.04214141851705047,491
2107UNHS-0291_Br2720_Mid_Nuc,EndoMural,0.14188359218464736,491
2107UNHS-0291_Br2720_Mid_Nuc,Micro,0.045182753222060446,491
2107UNHS-0291_Br2720_Mid_Nuc,Oligo,0.14645680929712535,491
2107UNHS-0291_Br2720_Mid_Nuc,OPC,0.08170163837102484,491
2107UNHS-0291_Br2720_Mid_Nuc,Excit,0.41663648579578305,491
2107UNHS-0291_Br2720_Mid_Nuc,Inhib,0.1259973026123084,491
2107UNHS-0291_Br6432_Ant_Bulk,Astro,0.07680815443648906,491
2107UNHS-0291_Br6432_Ant_Bulk,EndoMural,0.11602431654845512,491
2107UNHS-0291_Br6432_Ant_Bulk,Micro,0.046369538871905085,491
2107UNHS-0291_Br6432_Ant_Bulk,Oligo,0.16553974086629966,491
2107UNHS-0291_Br6432_Ant_Bulk,OPC,0.1085524478120343,491
2107UNHS-0291_Br6432_Ant_Bulk,Excit,0.37194742850470314,491
2107UNHS-0291_Br6432_Ant_Bulk,Inhib,0.1147583729601136,491
2107UNHS-0291_Br6432_Ant_Cyto,Astro,0.08745764689289529,491
2107UNHS-0291_Br6432_Ant_Cyto,EndoMural,0.10475958980875004,491
2107UNHS-0291_Br6432_Ant_Cyto,Micro,0.06736975136945846,491
2107UNHS-0291_Br6432_Ant_Cyto,Oligo,0.1200787165319751,491
2107UNHS-0291_Br6432_Ant_Cyto,OPC,0.0927768403387236,491
2107UNHS-0291_Br6432_Ant_Cyto,Excit,0.41797560810774825,491
2107UNHS-0291_Br6432_Ant_Cyto,Inhib,0.1095818469504492,491
2107UNHS-0291_Br6432_Ant_Nuc,Astro,0.07896566658970676,491
2107UNHS-0291_Br6432_Ant_Nuc,EndoMural,0.13280075836505909,491
2107UNHS-0291_Br6432_Ant_Nuc,Micro,0.04626217797768187,491
2107UNHS-0291_Br6432_Ant_Nuc,Oligo,0.13122989981937025,491
2107UNHS-0291_Br6432_Ant_Nuc,OPC,0.1123392728741946,491
2107UNHS-0291_Br6432_Ant_Nuc,Excit,0.3901671553917408,491
2107UNHS-0291_Br6432_Ant_Nuc,Inhib,0.10823506898224662,491
2107UNHS-0291_Br6432_Mid_Bulk,Astro,0.11239383714388572,491
2107UNHS-0291_Br6432_Mid_Bulk,EndoMural,0.13173250827823305,491
2107UNHS-0291_Br6432_Mid_Bulk,Micro,0.06018851197487782,491
2107UNHS-0291_Br6432_Mid_Bulk,Oligo,0.10357137593971058,491
2107UNHS-0291_Br6432_Mid_Bulk,OPC,0.1261312553962577,491
2107UNHS-0291_Br6432_Mid_Bulk,Excit,0.3526511489386802,491
2107UNHS-0291_Br6432_Mid_Bulk,Inhib,0.11333136232835488,491
2107UNHS-0291_Br6432_Mid_Cyto,Astro,0.11385604075260251,491
2107UNHS-0291_Br6432_Mid_Cyto,EndoMural,0.13645397714069635,491
2107UNHS-0291_Br6432_Mid_Cyto,Micro,0.07682720417493152,491
2107UNHS-0291_Br6432_Mid_Cyto,Oligo,0.07723599118970216,491
2107UNHS-0291_Br6432_Mid_Cyto,OPC,0.10753430570206926,491
2107UNHS-0291_Br6432_Mid_Cyto,Excit,0.37990114975405387,491
2107UNHS-0291_Br6432_Mid_Cyto,Inhib,0.10819133128594437,491
2107UNHS-0291_Br6432_Mid_Nuc,Astro,0.10630782653812239,491
2107UNHS-0291_Br6432_Mid_Nuc,EndoMural,0.15529617349214803,491
2107UNHS-0291_Br6432_Mid_Nuc,Micro,0.05691824107093622,491
2107UNHS-0291_Br6432_Mid_Nuc,Oligo,0.08570822434896316,491
2107UNHS-0291_Br6432_Mid_Nuc,OPC,0.11778973183959547,491
2107UNHS-0291_Br6432_Mid_Nuc,Excit,0.36764371882793057,491
2107UNHS-0291_Br6432_Mid_Nuc,Inhib,0.11033608388230406,491
2107UNHS-0291_Br6471_Ant_Bulk,Astro,0.042379853231153994,491
2107UNHS-0291_Br6471_Ant_Bulk,EndoMural,0.10941855685420182,491
2107UNHS-0291_Br6471_Ant_Bulk,Micro,0.04160629889997912,491
2107UNHS-0291_Br6471_Ant_Bulk,Oligo,0.23486895105352906,491
2107UNHS-0291_Br6471_Ant_Bulk,OPC,0.06734890254861971,491
2107UNHS-0291_Br6471_Ant_Bulk,Excit,0.36810821071336186,491
2107UNHS-0291_Br6471_Ant_Bulk,Inhib,0.13626922669915445,491
2107UNHS-0291_Br6471_Ant_Cyto,Astro,0.04937940435134784,491
2107UNHS-0291_Br6471_Ant_Cyto,EndoMural,0.10408480085004465,491
2107UNHS-0291_Br6471_Ant_Cyto,Micro,0.060644714172511424,491
2107UNHS-0291_Br6471_Ant_Cyto,Oligo,0.22502394968310072,491
2107UNHS-0291_Br6471_Ant_Cyto,OPC,0.06393213965116219,491
2107UNHS-0291_Br6471_Ant_Cyto,Excit,0.38747400771866425,491
2107UNHS-0291_Br6471_Ant_Cyto,Inhib,0.10946098357316895,491
2107UNHS-0291_Br6471_Ant_Nuc,Astro,0.041295893849003194,491
2107UNHS-0291_Br6471_Ant_Nuc,EndoMural,0.13666683777064062,491
2107UNHS-0291_Br6471_Ant_Nuc,Micro,0.04075348376837084,491
2107UNHS-0291_Br6471_Ant_Nuc,Oligo,0.1917890809469232,491
2107UNHS-0291_Br6471_Ant_Nuc,OPC,0.06844884885979582,491
2107UNHS-0291_Br6471_Ant_Nuc,Excit,0.3846882899064556,491
2107UNHS-0291_Br6471_Ant_Nuc,Inhib,0.13635756489881076,491
2107UNHS-0293_Br2720_Mid_Bulk,Astro,0.10404306844811248,491
2107UNHS-0293_Br2720_Mid_Bulk,EndoMural,0.08283508222546908,491
2107UNHS-0293_Br2720_Mid_Bulk,Micro,0.054518100347474535,491
2107UNHS-0293_Br2720_Mid_Bulk,Oligo,0.16705005993587985,491
2107UNHS-0293_Br2720_Mid_Bulk,OPC,0.06311523206828619,491
2107UNHS-0293_Br2720_Mid_Bulk,Excit,0.4240646163803255,491
2107UNHS-0293_Br2720_Mid_Bulk,Inhib,0.10437384059445234,491
2107UNHS-0293_Br2720_Mid_Cyto,Astro,0.08070459312843001,491
2107UNHS-0293_Br2720_Mid_Cyto,EndoMural,0.08530736491941572,491
2107UNHS-0293_Br2720_Mid_Cyto,Micro,0.06226183375025621,491
2107UNHS-0293_Br2720_Mid_Cyto,Oligo,0.15288251578356524,491
2107UNHS-0293_Br2720_Mid_Cyto,OPC,0.06409781127474022,491
2107UNHS-0293_Br2720_Mid_Cyto,Excit,0.4271295164495587,491
2107UNHS-0293_Br2720_Mid_Cyto,Inhib,0.12761636469403395,491
2107UNHS-0293_Br6432_Ant_Bulk,Astro,0.1345024024457113,491
2107UNHS-0293_Br6432_Ant_Bulk,EndoMural,0.08824990683683898,491
2107UNHS-0293_Br6432_Ant_Bulk,Micro,0.04873775996108574,491
2107UNHS-0293_Br6432_Ant_Bulk,Oligo,0.11162241840534813,491
2107UNHS-0293_Br6432_Ant_Bulk,OPC,0.09908682836438837,491
2107UNHS-0293_Br6432_Ant_Bulk,Excit,0.4213746218003064,491
2107UNHS-0293_Br6432_Ant_Bulk,Inhib,0.09642606218632122,491
2107UNHS-0293_Br6432_Ant_Cyto,Astro,0.12822026308829415,491
2107UNHS-0293_Br6432_Ant_Cyto,EndoMural,0.08816309549791733,491
2107UNHS-0293_Br6432_Ant_Cyto,Micro,0.057278768744868036,491
2107UNHS-0293_Br6432_Ant_Cyto,Oligo,0.09152832707212727,491
2107UNHS-0293_Br6432_Ant_Cyto,OPC,0.09121607976564625,491
2107UNHS-0293_Br6432_Ant_Cyto,Excit,0.42625950576454275,491
2107UNHS-0293_Br6432_Ant_Cyto,Inhib,0.11733396006660433,491
2107UNHS-0293_Br6432_Ant_Nuc,Astro,0.12431434482718898,491
2107UNHS-0293_Br6432_Ant_Nuc,EndoMural,0.10305600866665657,491
2107UNHS-0293_Br6432_Ant_Nuc,Micro,0.044066875713434116,491
2107UNHS-0293_Br6432_Ant_Nuc,Oligo,0.10666897305479585,491
2107UNHS-0293_Br6432_Ant_Nuc,OPC,0.10119256449493488,491
2107UNHS-0293_Br6432_Ant_Nuc,Excit,0.4272503253557704,491
2107UNHS-0293_Br6432_Ant_Nuc,Inhib,0.09345090788721921,491
2107UNHS-0293_Br6432_Mid_Bulk,Astro,0.1573366664620648,491
2107UNHS-0293_Br6432_Mid_Bulk,EndoMural,0.10243003073710062,491
2107UNHS-0293_Br6432_Mid_Bulk,Micro,0.058227851114297464,491
2107UNHS-0293_Br6432_Mid_Bulk,Oligo,0.0816949517638575,491
2107UNHS-0293_Br6432_Mid_Bulk,OPC,0.10630249008775773,491
2107UNHS-0293_Br6432_Mid_Bulk,Excit,0.40304707679895285,491
2107UNHS-0293_Br6432_Mid_Bulk,Inhib,0.09096093303596897,491
2107UNHS-0293_Br6432_Mid_Cyto,Astro,0.15157187000016697,491
2107UNHS-0293_Br6432_Mid_Cyto,EndoMural,0.1116123269880639,491
2107UNHS-0293_Br6432_Mid_Cyto,Micro,0.06195408585923592,491
2107UNHS-0293_Br6432_Mid_Cyto,Oligo,0.05721087875802659,491
2107UNHS-0293_Br6432_Mid_Cyto,OPC,0.09886252382606109,491
2107UNHS-0293_Br6432_Mid_Cyto,Excit,0.3987414428278726,491
2107UNHS-0293_Br6432_Mid_Cyto,Inhib,0.12004687174057288,491
2107UNHS-0293_Br6432_Mid_Nuc,Astro,0.15307021078911778,491
2107UNHS-0293_Br6432_Mid_Nuc,EndoMural,0.10965846217066239,491
2107UNHS-0293_Br6432_Mid_Nuc,Micro,0.05479422588796288,491
2107UNHS-0293_Br6432_Mid_Nuc,Oligo,0.07011511836520738,491
2107UNHS-0293_Br6432_Mid_Nuc,OPC,0.10040134653901776,491
2107UNHS-0293_Br6432_Mid_Nuc,Excit,0.4219577195163326,491
2107UNHS-0293_Br6432_Mid_Nuc,Inhib,0.09000291673169925,491
2107UNHS-0293_Br6471_Ant_Bulk,Astro,0.09443741791041116,491
2107UNHS-0293_Br6471_Ant_Bulk,EndoMural,0.10765518229769393,491
2107UNHS-0293_Br6471_Ant_Bulk,Micro,0.04435208862842837,491
2107UNHS-0293_Br6471_Ant_Bulk,Oligo,0.16151562608033293,491
2107UNHS-0293_Br6471_Ant_Bulk,OPC,0.06167696998926684,491
2107UNHS-0293_Br6471_Ant_Bulk,Excit,0.4214252920064331,491
2107UNHS-0293_Br6471_Ant_Bulk,Inhib,0.10893742308743361,491
2107UNHS-0293_Br6471_Ant_Cyto,Astro,0.10494078696426652,491
2107UNHS-0293_Br6471_Ant_Cyto,EndoMural,0.10628326675440954,491
2107UNHS-0293_Br6471_Ant_Cyto,Micro,0.06170025089207327,491
2107UNHS-0293_Br6471_Ant_Cyto,Oligo,0.1567534250977351,491
2107UNHS-0293_Br6471_Ant_Cyto,OPC,0.06038094159897142,491
2107UNHS-0293_Br6471_Ant_Cyto,Excit,0.3925305941261824,491
2107UNHS-0293_Br6471_Ant_Cyto,Inhib,0.11741073456636182,491
2107UNHS-0293_Br6471_Ant_Nuc,Astro,0.08417209091547315,491
2107UNHS-0293_Br6471_Ant_Nuc,EndoMural,0.1270080177829358,491
2107UNHS-0293_Br6471_Ant_Nuc,Micro,0.04081252482144276,491
2107UNHS-0293_Br6471_Ant_Nuc,Oligo,0.16950459179447178,491
2107UNHS-0293_Br6471_Ant_Nuc,OPC,0.06261276090161601,491
2107UNHS-0293_Br6471_Ant_Nuc,Excit,0.39118960690947796,491
2107UNHS-0293_Br6471_Ant_Nuc,Inhib,0.12470040687458255,491
AN00000904_Br2720_Post_Bulk,Astro,0.023938928754217853,491
AN00000904_Br2720_Post_Bulk,EndoMural,0.12176659917894549,491
AN00000904_Br2720_Post_Bulk,Micro,0.05055190990969589,491
AN00000904_Br2720_Post_Bulk,Oligo,0.1739890238539499,491
AN00000904_Br2720_Post_Bulk,OPC,0.07221343660404345,491
AN00000904_Br2720_Post_Bulk,Excit,0.41789334000228895,491
AN00000904_Br2720_Post_Bulk,Inhib,0.13964676169685852,491
AN00000904_Br2720_Post_Cyto,Astro,0.040009673037136526,491
AN00000904_Br2720_Post_Cyto,EndoMural,0.1330124853632524,491
AN00000904_Br2720_Post_Cyto,Micro,0.07484830061919417,491
AN00000904_Br2720_Post_Cyto,Oligo,0.1462920869487765,491
AN00000904_Br2720_Post_Cyto,OPC,0.07440386684649934,491
AN00000904_Br2720_Post_Cyto,Excit,0.422419826877143,491
AN00000904_Br2720_Post_Cyto,Inhib,0.10901376030799806,491
AN00000904_Br2720_Post_Nuc,Astro,0.0371646187614621,491
AN00000904_Br2720_Post_Nuc,EndoMural,0.16521853413845336,491
AN00000904_Br2720_Post_Nuc,Micro,0.055876224219643646,491
AN00000904_Br2720_Post_Nuc,Oligo,0.11050926804993247,491
AN00000904_Br2720_Post_Nuc,OPC,0.07827633299782286,491
AN00000904_Br2720_Post_Nuc,Excit,0.4256906225665896,491
AN00000904_Br2720_Post_Nuc,Inhib,0.12726439926609606,491
AN00000904_Br2743_Ant_Bulk,Astro,0.02749090257164464,491
AN00000904_Br2743_Ant_Bulk,EndoMural,0.08307825766453776,491
AN00000904_Br2743_Ant_Bulk,Micro,0.03898149621516991,491
AN00000904_Br2743_Ant_Bulk,Oligo,0.25664727274480065,491
AN00000904_Br2743_Ant_Bulk,OPC,0.07696186523004875,491
AN00000904_Br2743_Ant_Bulk,Excit,0.40271919358009384,491
AN00000904_Br2743_Ant_Bulk,Inhib,0.11412101199370443,491
AN00000904_Br2743_Ant_Nuc,Astro,0.062258930849787945,491
AN00000904_Br2743_Ant_Nuc,EndoMural,0.1875211923167445,491
AN00000904_Br2743_Ant_Nuc,Micro,0.058427280828199604,491
AN00000904_Br2743_Ant_Nuc,Oligo,0.13475324512136366,491
AN00000904_Br2743_Ant_Nuc,OPC,0.09302645569535035,491
AN00000904_Br2743_Ant_Nuc,Excit,0.3649417590663623,491
AN00000904_Br2743_Ant_Nuc,Inhib,0.09907113612219158,491
AN00000904_Br3942_Ant_Bulk,Astro,0.09760060825050115,491
AN00000904_Br3942_Ant_Bulk,EndoMural,0.11368980551157826,491
AN00000904_Br3942_Ant_Bulk,Micro,0.04433450326895395,491
AN00000904_Br3942_Ant_Bulk,Oligo,0.10752039445859106,491
AN00000904_Br3942_Ant_Bulk,OPC,0.0885350754242149,491
AN00000904_Br3942_Ant_Bulk,Excit,0.4251243539068122,491
AN00000904_Br3942_Ant_Bulk,Inhib,0.12319525917934852,491
AN00000904_Br3942_Ant_Cyto,Astro,0.11524278922594573,491
AN00000904_Br3942_Ant_Cyto,EndoMural,0.12323645482466097,491
AN00000904_Br3942_Ant_Cyto,Micro,0.08459108213055926,491
AN00000904_Br3942_Ant_Cyto,Oligo,0.13315982733863052,491
AN00000904_Br3942_Ant_Cyto,OPC,0.07883505372056052,491
AN00000904_Br3942_Ant_Cyto,Excit,0.3877647677602712,491
AN00000904_Br3942_Ant_Cyto,Inhib,0.07717002499937171,491
AN00000904_Br3942_Ant_Nuc,Astro,0.10177583391364113,491
AN00000904_Br3942_Ant_Nuc,EndoMural,0.1340975340105081,491
AN00000904_Br3942_Ant_Nuc,Micro,0.047985456274159774,491
AN00000904_Br3942_Ant_Nuc,Oligo,0.09659300005543112,491
AN00000904_Br3942_Ant_Nuc,OPC,0.08929443570890692,491
AN00000904_Br3942_Ant_Nuc,Excit,0.403397355846233,491
AN00000904_Br3942_Ant_Nuc,Inhib,0.1268563841911199,491
AN00000904_Br3942_Mid_Bulk,Astro,0.07415404127757069,491
AN00000904_Br3942_Mid_Bulk,EndoMural,0.10953614076601252,491
AN00000904_Br3942_Mid_Bulk,Micro,0.04082446587928399,491
AN00000904_Br3942_Mid_Bulk,Oligo,0.19365342562420831,491
AN00000904_Br3942_Mid_Bulk,OPC,0.08128437674138222,491
AN00000904_Br3942_Mid_Bulk,Excit,0.38577510064775783,491
AN00000904_Br3942_Mid_Bulk,Inhib,0.11477244906378442,491
AN00000904_Br3942_Mid_Cyto,Astro,0.0903150054405639,491
AN00000904_Br3942_Mid_Cyto,EndoMural,0.1346188912277526,491
AN00000904_Br3942_Mid_Cyto,Micro,0.07049699952143637,491
AN00000904_Br3942_Mid_Cyto,Oligo,0.16385504654107141,491
AN00000904_Br3942_Mid_Cyto,OPC,0.0688304945320388,491
AN00000904_Br3942_Mid_Cyto,Excit,0.3895684977288067,491
AN00000904_Br3942_Mid_Cyto,Inhib,0.08231506500833016,491
AN00000904_Br3942_Mid_Nuc,Astro,0.08144112287872053,491
AN00000904_Br3942_Mid_Nuc,EndoMural,0.1404995172297005,491
AN00000904_Br3942_Mid_Nuc,Micro,0.04954208665889869,491
AN00000904_Br3942_Mid_Nuc,Oligo,0.1536381987303989,491
AN00000904_Br3942_Mid_Nuc,OPC,0.0746882662369828,491
AN00000904_Br3942_Mid_Nuc,Excit,0.3956828823238658,491
AN00000904_Br3942_Mid_Nuc,Inhib,0.10450792594143282,491
AN00000904_Br6423_Ant_Bulk,Astro,0.10002681010212182,491
AN00000904_Br6423_Ant_Bulk,EndoMural,0.11135898466858891,491
AN00000904_Br6423_Ant_Bulk,Micro,0.04880821781369172,491
AN00000904_Br6423_Ant_Bulk,Oligo,0.21155044811213558,491
AN00000904_Br6423_Ant_Bulk,OPC,0.06207538777603959,491
AN00000904_Br6423_Ant_Bulk,Excit,0.3381767952064161,491
AN00000904_Br6423_Ant_Bulk,Inhib,0.12800335632100626,491
AN00000904_Br6423_Ant_Cyto,Astro,0.10421063331551203,491
AN00000904_Br6423_Ant_Cyto,EndoMural,0.12502688010669255,491
AN00000904_Br6423_Ant_Cyto,Micro,0.0660654672887485,491
AN00000904_Br6423_Ant_Cyto,Oligo,0.18511571670156576,491
AN00000904_Br6423_Ant_Cyto,OPC,0.06627744224511709,491
AN00000904_Br6423_Ant_Cyto,Excit,0.3397156219947242,491
AN00000904_Br6423_Ant_Cyto,Inhib,0.11358823834763988,491
AN00000904_Br6423_Ant_Nuc,Astro,0.10371361731890073,491
AN00000904_Br6423_Ant_Nuc,EndoMural,0.12943959447243442,491
AN00000904_Br6423_Ant_Nuc,Micro,0.062521667070804,491
AN00000904_Br6423_Ant_Nuc,Oligo,0.18018415366424242,491
AN00000904_Br6423_Ant_Nuc,OPC,0.07160146854023759,491
AN00000904_Br6423_Ant_Nuc,Excit,0.34161616342847306,491
AN00000904_Br6423_Ant_Nuc,Inhib,0.11092333550490781,491
AN00000904_Br6423_Post_Bulk,Astro,0.0968818252932428,491
AN00000904_Br6423_Post_Bulk,EndoMural,0.11147940143764155,491
AN00000904_Br6423_Post_Bulk,Micro,0.051119017396632924,491
AN00000904_Br6423_Post_Bulk,Oligo,0.22768353512129016,491
AN00000904_Br6423_Post_Bulk,OPC,0.05822655631738911,491
AN00000904_Br6423_Post_Bulk,Excit,0.3174473912294397,491
AN00000904_Br6423_Post_Bulk,Inhib,0.13716227320436378,491
AN00000904_Br6423_Post_Cyto,Astro,0.0944627837082158,491
AN00000904_Br6423_Post_Cyto,EndoMural,0.13574078967646894,491
AN00000904_Br6423_Post_Cyto,Micro,0.06332058995814524,491
AN00000904_Br6423_Post_Cyto,Oligo,0.18899009953391047,491
AN00000904_Br6423_Post_Cyto,OPC,0.06116609229999711,491
AN00000904_Br6423_Post_Cyto,Excit,0.33254469749200516,491
AN00000904_Br6423_Post_Cyto,Inhib,0.12377494733125735,491
AN00000904_Br6423_Post_Nuc,Astro,0.09726295996931827,491
AN00000904_Br6423_Post_Nuc,EndoMural,0.14653014142833437,491
AN00000904_Br6423_Post_Nuc,Micro,0.061324433938130196,491
AN00000904_Br6423_Post_Nuc,Oligo,0.19720632196961874,491
AN00000904_Br6423_Post_Nuc,OPC,0.06478744690693244,491
AN00000904_Br6423_Post_Nuc,Excit,0.3174018370810597,491
AN00000904_Br6423_Post_Nuc,Inhib,0.11548685870660629,491
AN00000904_Br6471_Mid_Bulk,Astro,0.02774119939142477,491
AN00000904_Br6471_Mid_Bulk,EndoMural,0.09728385556072118,491
AN00000904_Br6471_Mid_Bulk,Micro,0.041915481099451715,491
AN00000904_Br6471_Mid_Bulk,Oligo,0.29450006104212967,491
AN00000904_Br6471_Mid_Bulk,OPC,0.0658719201605932,491
AN00000904_Br6471_Mid_Bulk,Excit,0.36536963298848996,491
AN00000904_Br6471_Mid_Bulk,Inhib,0.10731784975718942,491
AN00000904_Br6471_Mid_Cyto,Astro,0.03564648170634401,491
AN00000904_Br6471_Mid_Cyto,EndoMural,0.10247092879489095,491
AN00000904_Br6471_Mid_Cyto,Micro,0.061844831388083554,491
AN00000904_Br6471_Mid_Cyto,Oligo,0.33469109122805835,491
AN00000904_Br6471_Mid_Cyto,OPC,0.0608756096400082,491
AN00000904_Br6471_Mid_Cyto,Excit,0.3244254129364237,491
AN00000904_Br6471_Mid_Cyto,Inhib,0.08004564430619135,491
AN00000904_Br6471_Mid_Nuc,Astro,0.033758316143976126,491
AN00000904_Br6471_Mid_Nuc,EndoMural,0.12051278437122077,491
AN00000904_Br6471_Mid_Nuc,Micro,0.047449558466536666,491
AN00000904_Br6471_Mid_Nuc,Oligo,0.3081499745521381,491
AN00000904_Br6471_Mid_Nuc,OPC,0.0662721636771256,491
AN00000904_Br6471_Mid_Nuc,Excit,0.3353563800489175,491
AN00000904_Br6471_Mid_Nuc,Inhib,0.08850082274008525,491
AN00000904_Br6522_Mid_Bulk,Astro,0.036207721365467134,491
AN00000904_Br6522_Mid_Bulk,EndoMural,0.09465654893281354,491
AN00000904_Br6522_Mid_Bulk,Micro,0.04346196303035794,491
AN00000904_Br6522_Mid_Bulk,Oligo,0.19405448846609658,491
AN00000904_Br6522_Mid_Bulk,OPC,0.07652285776397166,491
AN00000904_Br6522_Mid_Bulk,Excit,0.4419673856312464,491
AN00000904_Br6522_Mid_Bulk,Inhib,0.11312903481004678,491
AN00000904_Br6522_Mid_Cyto,Astro,0.0590490078614587,491
AN00000904_Br6522_Mid_Cyto,EndoMural,0.1018161553886474,491
AN00000904_Br6522_Mid_Cyto,Micro,0.07553796035053352,491
AN00000904_Br6522_Mid_Cyto,Oligo,0.21137351161385837,491
AN00000904_Br6522_Mid_Cyto,OPC,0.08127316428659956,491
AN00000904_Br6522_Mid_Cyto,Excit,0.3948415633157618,491
AN00000904_Br6522_Mid_Cyto,Inhib,0.07610863718314059,491
AN00000904_Br6522_Mid_Nuc,Astro,0.05172341296304921,491
AN00000904_Br6522_Mid_Nuc,EndoMural,0.1324948155124375,491
AN00000904_Br6522_Mid_Nuc,Micro,0.056066442446800806,491
AN00000904_Br6522_Mid_Nuc,Oligo,0.18544170350243655,491
AN00000904_Br6522_Mid_Nuc,OPC,0.07900954600899261,491
AN00000904_Br6522_Mid_Nuc,Excit,0.3980842521571025,491
AN00000904_Br6522_Mid_Nuc,Inhib,0.09717982740918088,491
AN00000904_Br6522_Post_Bulk,Astro,0.04098196089451689,491
AN00000904_Br6522_Post_Bulk,EndoMural,0.10244194996903853,491
AN00000904_Br6522_Post_Bulk,Micro,0.0450159405813476,491
AN00000904_Br6522_Post_Bulk,Oligo,0.1559131669685454,491
AN00000904_Br6522_Post_Bulk,OPC,0.08067252745483942,491
AN00000904_Br6522_Post_Bulk,Excit,0.4361805717276437,491
AN00000904_Br6522_Post_Bulk,Inhib,0.13879388240406842,491
AN00000904_Br6522_Post_Cyto,Astro,0.052789560769296244,491
AN00000904_Br6522_Post_Cyto,EndoMural,0.10484254878889662,491
AN00000904_Br6522_Post_Cyto,Micro,0.06666504860806301,491
AN00000904_Br6522_Post_Cyto,Oligo,0.13654613236618462,491
AN00000904_Br6522_Post_Cyto,OPC,0.07552819314980798,491
AN00000904_Br6522_Post_Cyto,Excit,0.458686355697934,491
AN00000904_Br6522_Post_Cyto,Inhib,0.10494216061981752,491
AN00000904_Br6522_Post_Nuc,Astro,0.0497880111008908,491
AN00000904_Br6522_Post_Nuc,EndoMural,0.1511322704834265,491
AN00000904_Br6522_Post_Nuc,Micro,0.048426668443227044,491
AN00000904_Br6522_Post_Nuc,Oligo,0.1006055811753037,491
AN00000904_Br6522_Post_Nuc,OPC,0.07592709429418097,491
AN00000904_Br6522_Post_Nuc,Excit,0.45539574272528743,491
AN00000904_Br6522_Post_Nuc,Inhib,0.11872463177768346,491
AN00000904_Br8325_Ant_Bulk,Astro,0.07235649021178263,491
AN00000904_Br8325_Ant_Bulk,EndoMural,0.13448274247983233,491
AN00000904_Br8325_Ant_Bulk,Micro,0.0483802956028421,491
AN00000904_Br8325_Ant_Bulk,Oligo,0.10289360703513489,491
AN00000904_Br8325_Ant_Bulk,OPC,0.0720315959881889,491
AN00000904_Br8325_Ant_Bulk,Excit,0.4108789667458023,491
AN00000904_Br8325_Ant_Bulk,Inhib,0.15897630193641688,491
AN00000904_Br8325_Ant_Cyto,Astro,0.072876019657838,491
AN00000904_Br8325_Ant_Cyto,EndoMural,0.134167857204574,491
AN00000904_Br8325_Ant_Cyto,Micro,0.06936119036292188,491
AN00000904_Br8325_Ant_Cyto,Oligo,0.13302168806298523,491
AN00000904_Br8325_Ant_Cyto,OPC,0.08284844220698591,491
AN00000904_Br8325_Ant_Cyto,Excit,0.3906124364339105,491
AN00000904_Br8325_Ant_Cyto,Inhib,0.11711236607078454,491
AN00000904_Br8325_Ant_Nuc,Astro,0.07841841736711903,491
AN00000904_Br8325_Ant_Nuc,EndoMural,0.14817311287382454,491
AN00000904_Br8325_Ant_Nuc,Micro,0.06270347766708881,491
AN00000904_Br8325_Ant_Nuc,Oligo,0.1338341242500548,491
AN00000904_Br8325_Ant_Nuc,OPC,0.08345183385604067,491
AN00000904_Br8325_Ant_Nuc,Excit,0.37687812729636666,491
AN00000904_Br8325_Ant_Nuc,Inhib,0.11654090668950545,491
AN00000904_Br8325_Mid_Bulk,Astro,4.049924383418377e-13,491
AN00000904_Br8325_Mid_Bulk,EndoMural,0.06991671545900288,491
AN00000904_Br8325_Mid_Bulk,Micro,0.03480361807348117,491
AN00000904_Br8325_Mid_Bulk,Oligo,0.6356627065429626,491
AN00000904_Br8325_Mid_Bulk,OPC,0.04638020893916315,491
AN00000904_Br8325_Mid_Bulk,Excit,0.14854627243178445,491
AN00000904_Br8325_Mid_Bulk,Inhib,0.06469047855320077,491
AN00000904_Br8325_Mid_Cyto,Astro,2.9371200208165825e-14,491
AN00000904_Br8325_Mid_Cyto,EndoMural,0.03836161680549989,491
AN00000904_Br8325_Mid_Cyto,Micro,0.04162150104488885,491
AN00000904_Br8325_Mid_Cyto,Oligo,0.8367335841787918,491
AN00000904_Br8325_Mid_Cyto,OPC,0.032275309021940354,491
AN00000904_Br8325_Mid_Cyto,Excit,0.03315188971322178,491
AN00000904_Br8325_Mid_Cyto,Inhib,0.017856099235628,491
AN00000904_Br8492_Mid_Bulk,Astro,0.019220164063667756,491
AN00000904_Br8492_Mid_Bulk,EndoMural,0.11920909097131836,491
AN00000904_Br8492_Mid_Bulk,Micro,0.05005772133899941,491
AN00000904_Br8492_Mid_Bulk,Oligo,0.23289042206119934,491
AN00000904_Br8492_Mid_Bulk,OPC,0.04284562562385984,491
AN00000904_Br8492_Mid_Bulk,Excit,0.4341621294326355,491
AN00000904_Br8492_Mid_Bulk,Inhib,0.10161484650831976,491
AN00000904_Br8492_Mid_Cyto,Astro,0.040856221093379295,491
AN00000904_Br8492_Mid_Cyto,EndoMural,0.11457805916108117,491
AN00000904_Br8492_Mid_Cyto,Micro,0.06773080957982044,491
AN00000904_Br8492_Mid_Cyto,Oligo,0.2001352798059733,491
AN00000904_Br8492_Mid_Cyto,OPC,0.05871492991684672,491
AN00000904_Br8492_Mid_Cyto,Excit,0.4287927744016889,491
AN00000904_Br8492_Mid_Cyto,Inhib,0.08919192604121022,491
AN00000904_Br8492_Mid_Nuc,Astro,0.03711019918720574,491
AN00000904_Br8492_Mid_Nuc,EndoMural,0.16826204550909166,491
AN00000904_Br8492_Mid_Nuc,Micro,0.06241339025530154,491
AN00000904_Br8492_Mid_Nuc,Oligo,0.1702779082952006,491
AN00000904_Br8492_Mid_Nuc,OPC,0.05390386529870779,491
AN00000904_Br8492_Mid_Nuc,Excit,0.40536978696519504,491
AN00000904_Br8492_Mid_Nuc,Inhib,0.1026628044892977,491
AN00000904_Br8492_Post_Bulk,Astro,0.015028421531960143,491
AN00000904_Br8492_Post_Bulk,EndoMural,0.13846085135978078,491
AN00000904_Br8492_Post_Bulk,Micro,0.04741617416261652,491
AN00000904_Br8492_Post_Bulk,Oligo,0.2396155742794073,491
AN00000904_Br8492_Post_Bulk,OPC,0.03538048465714183,491
AN00000904_Br8492_Post_Bulk,Excit,0.4077487719605675,491
AN00000904_Br8492_Post_Bulk,Inhib,0.11634972204852585,491
AN00000904_Br8492_Post_Cyto,Astro,0.029581471290264214,491
AN00000904_Br8492_Post_Cyto,EndoMural,0.13930827432128529,491
AN00000904_Br8492_Post_Cyto,Micro,0.06292417497239926,491
AN00000904_Br8492_Post_Cyto,Oligo,0.227682561593384,491
AN00000904_Br8492_Post_Cyto,OPC,0.047542323468109125,491
AN00000904_Br8492_Post_Cyto,Excit,0.3955166095439056,491
AN00000904_Br8492_Post_Cyto,Inhib,0.09744458481065257,491
AN00000904_Br8492_Post_Nuc,Astro,0.028331877450887593,491
AN00000904_Br8492_Post_Nuc,EndoMural,0.18717187741991584,491
AN00000904_Br8492_Post_Nuc,Micro,0.0541133371133917,491
AN00000904_Br8492_Post_Nuc,Oligo,0.16961094523512216,491
AN00000904_Br8492_Post_Nuc,OPC,0.04647814613437456,491
AN00000904_Br8492_Post_Nuc,Excit,0.39993682429086735,491
AN00000904_Br8492_Post_Nuc,Inhib,0.1143569923554409,491
AN00000904_Br8667_Ant_Bulk,Astro,0.1442267339931706,491
AN00000904_Br8667_Ant_Bulk,EndoMural,0.10784777415951612,491
AN00000904_Br8667_Ant_Bulk,Micro,0.049008208662340576,491
AN00000904_Br8667_Ant_Bulk,Oligo,0.20266739457909053,491
AN00000904_Br8667_Ant_Bulk,OPC,0.07234290701191239,491
AN00000904_Br8667_Ant_Bulk,Excit,0.29670860795491594,491
AN00000904_Br8667_Ant_Bulk,Inhib,0.12719837363905384,491
AN00000904_Br8667_Ant_Cyto,Astro,0.11775667955495989,491
AN00000904_Br8667_Ant_Cyto,EndoMural,0.11823824435948993,491
AN00000904_Br8667_Ant_Cyto,Micro,0.07636178783810818,491
AN00000904_Br8667_Ant_Cyto,Oligo,0.2002508559725595,491
AN00000904_Br8667_Ant_Cyto,OPC,0.0603857913901369,491
AN00000904_Br8667_Ant_Cyto,Excit,0.34824948547719925,491
AN00000904_Br8667_Ant_Cyto,Inhib,0.0787571554075464,491
AN00000904_Br8667_Ant_Nuc,Astro,0.12031481514540636,491
AN00000904_Br8667_Ant_Nuc,EndoMural,0.12037140087875473,491
AN00000904_Br8667_Ant_Nuc,Micro,0.0501056781150987,491
AN00000904_Br8667_Ant_Nuc,Oligo,0.17900234818109684,491
AN00000904_Br8667_Ant_Nuc,OPC,0.07586448598472371,491
AN00000904_Br8667_Ant_Nuc,Excit,0.33908774689913873,491
AN00000904_Br8667_Ant_Nuc,Inhib,0.11525352479578087,491
AN00000904_Br8667_Mid_Bulk,Astro,0.13755957816351005,491
AN00000904_Br8667_Mid_Bulk,EndoMural,0.14012425398596126,491
AN00000904_Br8667_Mid_Bulk,Micro,0.04970262324918293,491
AN00000904_Br8667_Mid_Bulk,Oligo,0.13026684042283615,491
AN00000904_Br8667_Mid_Bulk,OPC,0.06999106609079554,491
AN00000904_Br8667_Mid_Bulk,Excit,0.32890340401810914,491
AN00000904_Br8667_Mid_Bulk,Inhib,0.14345223406960494,491
AN00000904_Br8667_Mid_Cyto,Astro,0.14146650439734196,491
AN00000904_Br8667_Mid_Cyto,EndoMural,0.1734010026364625,491
AN00000904_Br8667_Mid_Cyto,Micro,0.0638414767492902,491
AN00000904_Br8667_Mid_Cyto,Oligo,0.10797711156369778,491
AN00000904_Br8667_Mid_Cyto,OPC,0.0684816595236729,491
AN00000904_Br8667_Mid_Cyto,Excit,0.32939199427224936,491
AN00000904_Br8667_Mid_Cyto,Inhib,0.11544025085728533,491
AN00000904_Br8667_Mid_Nuc,Astro,0.13060329159718323,491
AN00000904_Br8667_Mid_Nuc,EndoMural,0.14132965218351734,491
AN00000904_Br8667_Mid_Nuc,Micro,0.052272178221929734,491
AN00000904_Br8667_Mid_Nuc,Oligo,0.092723209587333,491
AN00000904_Br8667_Mid_Nuc,OPC,0.07661296683882741,491
AN00000904_Br8667_Mid_Nuc,Excit,0.36967927881430074,491
AN00000904_Br8667_Mid_Nuc,Inhib,0.1367794227569086,491
AN00000906_Br2720_Post_Bulk,Astro,0.05122324380294452,491
AN00000906_Br2720_Post_Bulk,EndoMural,0.10843238675219966,491
AN00000906_Br2720_Post_Bulk,Micro,0.049017818865382826,491
AN00000906_Br2720_Post_Bulk,Oligo,0.1419495347398337,491
AN00000906_Br2720_Post_Bulk,OPC,0.06771502114027446,491
AN00000906_Br2720_Post_Bulk,Excit,0.4636771584171018,491
AN00000906_Br2720_Post_Bulk,Inhib,0.11798483628226311,491
AN00000906_Br2720_Post_Cyto,Astro,0.04950916924684219,491
AN00000906_Br2720_Post_Cyto,EndoMural,0.1259685297910389,491
AN00000906_Br2720_Post_Cyto,Micro,0.0629547695288204,491
AN00000906_Br2720_Post_Cyto,Oligo,0.12539104823601865,491
AN00000906_Br2720_Post_Cyto,OPC,0.0668337710251544,491
AN00000906_Br2720_Post_Cyto,Excit,0.43973695585556355,491
AN00000906_Br2720_Post_Cyto,Inhib,0.12960575631656193,491
AN00000906_Br2720_Post_Nuc,Astro,0.0460389755506339,491
AN00000906_Br2720_Post_Nuc,EndoMural,0.13769057510326885,491
AN00000906_Br2720_Post_Nuc,Micro,0.04100431509193131,491
AN00000906_Br2720_Post_Nuc,Oligo,0.09461097813642207,491
AN00000906_Br2720_Post_Nuc,OPC,0.0712098560809167,491
AN00000906_Br2720_Post_Nuc,Excit,0.4785782095634339,491
AN00000906_Br2720_Post_Nuc,Inhib,0.13086709047339334,491
AN00000906_Br2743_Ant_Bulk,Astro,0.05876516473293266,491
AN00000906_Br2743_Ant_Bulk,EndoMural,0.07026128488214832,491
AN00000906_Br2743_Ant_Bulk,Micro,0.034025286201471244,491
AN00000906_Br2743_Ant_Bulk,Oligo,0.256963582629199,491
AN00000906_Br2743_Ant_Bulk,OPC,0.08039892287977186,491
AN00000906_Br2743_Ant_Bulk,Excit,0.41399229629974443,491
AN00000906_Br2743_Ant_Bulk,Inhib,0.08559346237473245,491
AN00000906_Br2743_Ant_Cyto,Astro,0.06826323375613136,491
AN00000906_Br2743_Ant_Cyto,EndoMural,0.08718209467880274,491
AN00000906_Br2743_Ant_Cyto,Micro,0.04163832094736362,491
AN00000906_Br2743_Ant_Cyto,Oligo,0.1507347170317554,491
AN00000906_Br2743_Ant_Cyto,OPC,0.08777119439091965,491
AN00000906_Br2743_Ant_Cyto,Excit,0.42810229077993295,491
AN00000906_Br2743_Ant_Cyto,Inhib,0.13630814841509425,491
AN00000906_Br2743_Ant_Nuc,Astro,0.03943888381113119,491
AN00000906_Br2743_Ant_Nuc,EndoMural,0.16086367698028292,491
AN00000906_Br2743_Ant_Nuc,Micro,0.031712476580443114,491
AN00000906_Br2743_Ant_Nuc,Oligo,0.17584332744009462,491
AN00000906_Br2743_Ant_Nuc,OPC,0.083913696820797,491
AN00000906_Br2743_Ant_Nuc,Excit,0.42167418578961763,491
AN00000906_Br2743_Ant_Nuc,Inhib,0.08655375257763354,491
AN00000906_Br3942_Ant_Bulk,Astro,0.15460046634991478,491
AN00000906_Br3942_Ant_Bulk,EndoMural,0.11052414270827605,491
AN00000906_Br3942_Ant_Bulk,Micro,0.045436159998154466,491
AN00000906_Br3942_Ant_Bulk,Oligo,0.08547969144613037,491
AN00000906_Br3942_Ant_Bulk,OPC,0.06286317890178451,491
AN00000906_Br3942_Ant_Bulk,Excit,0.44017852430429544,491
AN00000906_Br3942_Ant_Bulk,Inhib,0.10091783629144449,491
AN00000906_Br3942_Ant_Cyto,Astro,0.1456209745711611,491
AN00000906_Br3942_Ant_Cyto,EndoMural,0.12219721898828644,491
AN00000906_Br3942_Ant_Cyto,Micro,0.06776755651114799,491
AN00000906_Br3942_Ant_Cyto,Oligo,0.10652430808481285,491
AN00000906_Br3942_Ant_Cyto,OPC,0.06160053815563965,491
AN00000906_Br3942_Ant_Cyto,Excit,0.41678476578336404,491
AN00000906_Br3942_Ant_Cyto,Inhib,0.07950463790558795,491
AN00000906_Br3942_Ant_Nuc,Astro,0.13761284187822656,491
AN00000906_Br3942_Ant_Nuc,EndoMural,0.13548508663583644,491
AN00000906_Br3942_Ant_Nuc,Micro,0.04013560020344823,491
AN00000906_Br3942_Ant_Nuc,Oligo,0.08233959906297113,491
AN00000906_Br3942_Ant_Nuc,OPC,0.07362382509241627,491
AN00000906_Br3942_Ant_Nuc,Excit,0.40964303869276597,491
AN00000906_Br3942_Ant_Nuc,Inhib,0.1211600084343353,491
AN00000906_Br3942_Mid_Bulk,Astro,0.1415601910031725,491
AN00000906_Br3942_Mid_Bulk,EndoMural,0.10818876863430009,491
AN00000906_Br3942_Mid_Bulk,Micro,0.046553064259606564,491
AN00000906_Br3942_Mid_Bulk,Oligo,0.11895142881459704,491
AN00000906_Br3942_Mid_Bulk,OPC,0.061190106551624344,491
AN00000906_Br3942_Mid_Bulk,Excit,0.4268338866078066,491
AN00000906_Br3942_Mid_Bulk,Inhib,0.09672255412889284,491
AN00000906_Br3942_Mid_Cyto,Astro,0.1137354998610747,491
AN00000906_Br3942_Mid_Cyto,EndoMural,0.1337641826762849,491
AN00000906_Br3942_Mid_Cyto,Micro,0.052471535906677295,491
AN00000906_Br3942_Mid_Cyto,Oligo,0.115064046722529,491
AN00000906_Br3942_Mid_Cyto,OPC,0.06142237820712285,491
AN00000906_Br3942_Mid_Cyto,Excit,0.4367197216114881,491
AN00000906_Br3942_Mid_Cyto,Inhib,0.08682263501482305,491
AN00000906_Br3942_Mid_Nuc,Astro,0.10675376226575425,491
AN00000906_Br3942_Mid_Nuc,EndoMural,0.1306687441708576,491
AN00000906_Br3942_Mid_Nuc,Micro,0.03241666248174883,491
AN00000906_Br3942_Mid_Nuc,Oligo,0.1051218922432595,491
AN00000906_Br3942_Mid_Nuc,OPC,0.06205953282910607,491
AN00000906_Br3942_Mid_Nuc,Excit,0.46291938252242737,491
AN00000906_Br3942_Mid_Nuc,Inhib,0.10006002348684645,491
AN00000906_Br6423_Ant_Bulk,Astro,0.1252425239687972,491
AN00000906_Br6423_Ant_Bulk,EndoMural,0.10920174731558999,491
AN00000906_Br6423_Ant_Bulk,Micro,0.06064742185807513,491
AN00000906_Br6423_Ant_Bulk,Oligo,0.16061523130868569,491
AN00000906_Br6423_Ant_Bulk,OPC,0.06179990392405039,491
AN00000906_Br6423_Ant_Bulk,Excit,0.3772767750100037,491
AN00000906_Br6423_Ant_Bulk,Inhib,0.10521639661479794,491
AN00000906_Br6423_Ant_Cyto,Astro,0.13407990866425584,491
AN00000906_Br6423_Ant_Cyto,EndoMural,0.12548260528639274,491
AN00000906_Br6423_Ant_Cyto,Micro,0.052195291143454926,491
AN00000906_Br6423_Ant_Cyto,Oligo,0.13236193669169163,491
AN00000906_Br6423_Ant_Cyto,OPC,0.06551334627034337,491
AN00000906_Br6423_Ant_Cyto,Excit,0.36370699150773184,491
AN00000906_Br6423_Ant_Cyto,Inhib,0.1266599204361297,491
AN00000906_Br6423_Ant_Nuc,Astro,0.11392029167844855,491
AN00000906_Br6423_Ant_Nuc,EndoMural,0.11708301115810965,491
AN00000906_Br6423_Ant_Nuc,Micro,0.04374606566460624,491
AN00000906_Br6423_Ant_Nuc,Oligo,0.161718709631914,491
AN00000906_Br6423_Ant_Nuc,OPC,0.06209591455128478,491
AN00000906_Br6423_Ant_Nuc,Excit,0.402274358661797,491
AN00000906_Br6423_Ant_Nuc,Inhib,0.09916164865383982,491
AN00000906_Br6423_Post_Bulk,Astro,0.13575379171166158,491
AN00000906_Br6423_Post_Bulk,EndoMural,0.11038775080395823,491
AN00000906_Br6423_Post_Bulk,Micro,0.05951664753539063,491
AN00000906_Br6423_Post_Bulk,Oligo,0.17541294281146622,491
AN00000906_Br6423_Post_Bulk,OPC,0.057405192419050954,491
AN00000906_Br6423_Post_Bulk,Excit,0.3478089207266068,491
AN00000906_Br6423_Post_Bulk,Inhib,0.11371475399186559,491
AN00000906_Br6423_Post_Cyto,Astro,0.12709674021743525,491
AN00000906_Br6423_Post_Cyto,EndoMural,0.13889574183901296,491
AN00000906_Br6423_Post_Cyto,Micro,0.05584541015495897,491
AN00000906_Br6423_Post_Cyto,Oligo,0.1437344244549116,491
AN00000906_Br6423_Post_Cyto,OPC,0.06229701817685699,491
AN00000906_Br6423_Post_Cyto,Excit,0.34557359855638825,491
AN00000906_Br6423_Post_Cyto,Inhib,0.12655706660043597,491
AN00000906_Br6423_Post_Nuc,Astro,0.11139094590674535,491
AN00000906_Br6423_Post_Nuc,EndoMural,0.13479674065245006,491
AN00000906_Br6423_Post_Nuc,Micro,0.04492176774913966,491
AN00000906_Br6423_Post_Nuc,Oligo,0.18220689775737298,491
AN00000906_Br6423_Post_Nuc,OPC,0.05825517875489699,491
AN00000906_Br6423_Post_Nuc,Excit,0.3639751450557148,491
AN00000906_Br6423_Post_Nuc,Inhib,0.10445332412368007,491
AN00000906_Br6471_Mid_Bulk,Astro,0.08078021142097801,491
AN00000906_Br6471_Mid_Bulk,EndoMural,0.08605683844986689,491
AN00000906_Br6471_Mid_Bulk,Micro,0.044889887399036064,491
AN00000906_Br6471_Mid_Bulk,Oligo,0.22124954439270136,491
AN00000906_Br6471_Mid_Bulk,OPC,0.0627600043825074,491
AN00000906_Br6471_Mid_Bulk,Excit,0.41117501860563305,491
AN00000906_Br6471_Mid_Bulk,Inhib,0.09308849534927728,491
AN00000906_Br6471_Mid_Cyto,Astro,0.06949496055550836,491
AN00000906_Br6471_Mid_Cyto,EndoMural,0.09406202840220726,491
AN00000906_Br6471_Mid_Cyto,Micro,0.05279027411930671,491
AN00000906_Br6471_Mid_Cyto,Oligo,0.2875980075280343,491
AN00000906_Br6471_Mid_Cyto,OPC,0.06150312854194203,491
AN00000906_Br6471_Mid_Cyto,Excit,0.34648887647739723,491
AN00000906_Br6471_Mid_Cyto,Inhib,0.08806272437560403,491
AN00000906_Br6471_Mid_Nuc,Astro,0.0552406563604246,491
AN00000906_Br6471_Mid_Nuc,EndoMural,0.09447970898621279,491
AN00000906_Br6471_Mid_Nuc,Micro,0.03940517718559335,491
AN00000906_Br6471_Mid_Nuc,Oligo,0.30549112135920065,491
AN00000906_Br6471_Mid_Nuc,OPC,0.06353215373244646,491
AN00000906_Br6471_Mid_Nuc,Excit,0.3718385168100007,491
AN00000906_Br6471_Mid_Nuc,Inhib,0.07001266556612154,491
AN00000906_Br6522_Mid_Bulk,Astro,0.08305144057913576,491
AN00000906_Br6522_Mid_Bulk,EndoMural,0.08145220928304311,491
AN00000906_Br6522_Mid_Bulk,Micro,0.05007208753289385,491
AN00000906_Br6522_Mid_Bulk,Oligo,0.1552682376791766,491
AN00000906_Br6522_Mid_Bulk,OPC,0.06982546851764684,491
AN00000906_Br6522_Mid_Bulk,Excit,0.46686262918969046,491
AN00000906_Br6522_Mid_Bulk,Inhib,0.09346792721841347,491
AN00000906_Br6522_Mid_Cyto,Astro,0.069672743656798,491
AN00000906_Br6522_Mid_Cyto,EndoMural,0.08810099490599059,491
AN00000906_Br6522_Mid_Cyto,Micro,0.054402623699689734,491
AN00000906_Br6522_Mid_Cyto,Oligo,0.1896179525139336,491
AN00000906_Br6522_Mid_Cyto,OPC,0.06933804077647078,491
AN00000906_Br6522_Mid_Cyto,Excit,0.4403219524803108,491
AN00000906_Br6522_Mid_Cyto,Inhib,0.08854569196680645,491
AN00000906_Br6522_Mid_Nuc,Astro,0.059971808948212864,491
AN00000906_Br6522_Mid_Nuc,EndoMural,0.098968157937534093,491
AN00000906_Br6522_Mid_Nuc,Micro,0.03829872515427927,491
AN00000906_Br6522_Mid_Nuc,Oligo,0.18302939533331058,491
AN00000906_Br6522_Mid_Nuc,OPC,0.07004087316702819,491
AN00000906_Br6522_Mid_Nuc,Excit,0.4724564591916542,491
AN00000906_Br6522_Mid_Nuc,Inhib,0.07723458026798095,491
AN00000906_Br6522_Post_Bulk,Astro,0.09366207329000448,491
AN00000906_Br6522_Post_Bulk,EndoMural,0.08793110250260477,491
AN00000906_Br6522_Post_Bulk,Micro,0.05140088118323292,491
AN00000906_Br6522_Post_Bulk,Oligo,0.1107362930646172,491
AN00000906_Br6522_Post_Bulk,OPC,0.07022945554213313,491
AN00000906_Br6522_Post_Bulk,Excit,0.46946869282806053,491
AN00000906_Br6522_Post_Bulk,Inhib,0.11657150158934684,491
AN00000906_Br6522_Post_Cyto,Astro,0.0846548527316211,491
AN00000906_Br6522_Post_Cyto,EndoMural,0.09254574401505704,491
AN00000906_Br6522_Post_Cyto,Micro,0.05715963226378314,491
AN00000906_Br6522_Post_Cyto,Oligo,0.10709689299695355,491
AN00000906_Br6522_Post_Cyto,OPC,0.06665350057676142,491
AN00000906_Br6522_Post_Cyto,Excit,0.46757694667981947,491
AN00000906_Br6522_Post_Cyto,Inhib,0.1243124307360042,491
AN00000906_Br6522_Post_Nuc,Astro,0.07211278090795378,491
AN00000906_Br6522_Post_Nuc,EndoMural,0.12289107911877857,491
AN00000906_Br6522_Post_Nuc,Micro,0.039909977304960625,491
AN00000906_Br6522_Post_Nuc,Oligo,0.09147054796520468,491
AN00000906_Br6522_Post_Nuc,OPC,0.06775469477450245,491
AN00000906_Br6522_Post_Nuc,Excit,0.4830035104257403,491
AN00000906_Br6522_Post_Nuc,Inhib,0.12285740950285948,491
AN00000906_Br8325_Ant_Bulk,Astro,0.1338849374205619,491
AN00000906_Br8325_Ant_Bulk,EndoMural,0.1011009795843946,491
AN00000906_Br8325_Ant_Bulk,Micro,0.04634727866613242,491
AN00000906_Br8325_Ant_Bulk,Oligo,0.09188084902251824,491
AN00000906_Br8325_Ant_Bulk,OPC,0.06147870664326002,491
AN00000906_Br8325_Ant_Bulk,Excit,0.4502853921249035,491
AN00000906_Br8325_Ant_Bulk,Inhib,0.11502185653822937,491
AN00000906_Br8325_Ant_Cyto,Astro,0.10357349571687173,491
AN00000906_Br8325_Ant_Cyto,EndoMural,0.11997723760962818,491
AN00000906_Br8325_Ant_Cyto,Micro,0.0471845495517909,491
AN00000906_Br8325_Ant_Cyto,Oligo,0.12218367018353302,491
AN00000906_Br8325_Ant_Cyto,OPC,0.0667932698398972,491
AN00000906_Br8325_Ant_Cyto,Excit,0.40377874313181344,491
AN00000906_Br8325_Ant_Cyto,Inhib,0.1365090339664656,491
AN00000906_Br8325_Ant_Nuc,Astro,0.09458675426924947,491
AN00000906_Br8325_Ant_Nuc,EndoMural,0.1219376154992603,491
AN00000906_Br8325_Ant_Nuc,Micro,0.03398833257962332,491
AN00000906_Br8325_Ant_Nuc,Oligo,0.09703608605443789,491
AN00000906_Br8325_Ant_Nuc,OPC,0.06372876158339506,491
AN00000906_Br8325_Ant_Nuc,Excit,0.48243610824491007,491
AN00000906_Br8325_Ant_Nuc,Inhib,0.10628634176912385,491
AN00000906_Br8325_Mid_Bulk,Astro,0.060118984909613045,491
AN00000906_Br8325_Mid_Bulk,EndoMural,0.0635762694948182,491
AN00000906_Br8325_Mid_Bulk,Micro,0.05054706260599003,491
AN00000906_Br8325_Mid_Bulk,Oligo,0.5269799640685178,491
AN00000906_Br8325_Mid_Bulk,OPC,0.06314114384439226,491
AN00000906_Br8325_Mid_Bulk,Excit,0.19280865945115744,491
AN00000906_Br8325_Mid_Bulk,Inhib,0.04282791562551128,491
AN00000906_Br8325_Mid_Cyto,Astro,0.024442407078508258,491
AN00000906_Br8325_Mid_Cyto,EndoMural,0.05533494401835673,491
AN00000906_Br8325_Mid_Cyto,Micro,0.05242039871095074,491
AN00000906_Br8325_Mid_Cyto,Oligo,0.7121882101634964,491
AN00000906_Br8325_Mid_Cyto,OPC,0.05160448071358031,491
AN00000906_Br8325_Mid_Cyto,Excit,0.07976714703122777,491
AN00000906_Br8325_Mid_Cyto,Inhib,0.024242412283879827,491
AN00000906_Br8325_Mid_Nuc,Astro,0.018302809688045946,491
AN00000906_Br8325_Mid_Nuc,EndoMural,0.05557793246329224,491
AN00000906_Br8325_Mid_Nuc,Micro,0.041604107491106004,491
AN00000906_Br8325_Mid_Nuc,Oligo,0.7339144409826938,491
AN00000906_Br8325_Mid_Nuc,OPC,0.06214764270626937,491
AN00000906_Br8325_Mid_Nuc,Excit,0.06209122297429388,491
AN00000906_Br8325_Mid_Nuc,Inhib,0.026361843694298736,491
AN00000906_Br8492_Mid_Bulk,Astro,0.05088895302913517,491
AN00000906_Br8492_Mid_Bulk,EndoMural,0.0876726623957302,491
AN00000906_Br8492_Mid_Bulk,Micro,0.05392233057846812,491
AN00000906_Br8492_Mid_Bulk,Oligo,0.21340193870310536,491
AN00000906_Br8492_Mid_Bulk,OPC,0.055987894067061034,491
AN00000906_Br8492_Mid_Bulk,Excit,0.4480675784946468,491
AN00000906_Br8492_Mid_Bulk,Inhib,0.09005864273185323,491
AN00000906_Br8492_Mid_Cyto,Astro,0.05074339512348884,491
AN00000906_Br8492_Mid_Cyto,EndoMural,0.10082546953027184,491
AN00000906_Br8492_Mid_Cyto,Micro,0.056151047029781555,491
AN00000906_Br8492_Mid_Cyto,Oligo,0.20683919720961302,491
AN00000906_Br8492_Mid_Cyto,OPC,0.05490629053687243,491
AN00000906_Br8492_Mid_Cyto,Excit,0.4161486724335577,491
AN00000906_Br8492_Mid_Cyto,Inhib,0.11438592813641468,491
AN00000906_Br8492_Post_Bulk,Astro,0.03599572799471795,491
AN00000906_Br8492_Post_Bulk,EndoMural,0.10193435415795425,491
AN00000906_Br8492_Post_Bulk,Micro,0.05021309675077838,491
AN00000906_Br8492_Post_Bulk,Oligo,0.2128469719802745,491
AN00000906_Br8492_Post_Bulk,OPC,0.0500752293181794,491
AN00000906_Br8492_Post_Bulk,Excit,0.4394530809857588,491
AN00000906_Br8492_Post_Bulk,Inhib,0.1094815388123367,491
AN00000906_Br8492_Post_Cyto,Astro,0.04722793288521203,491
AN00000906_Br8492_Post_Cyto,EndoMural,0.11042198756312692,491
AN00000906_Br8492_Post_Cyto,Micro,0.05909956712431577,491
AN00000906_Br8492_Post_Cyto,Oligo,0.20815605334710907,491
AN00000906_Br8492_Post_Cyto,OPC,0.05307499900982169,491
AN00000906_Br8492_Post_Cyto,Excit,0.40011315680242804,491
AN00000906_Br8492_Post_Cyto,Inhib,0.12190630326798645,491
AN00000906_Br8492_Post_Nuc,Astro,0.04334557401588157,491
AN00000906_Br8492_Post_Nuc,EndoMural,0.1565559349144778,491
AN00000906_Br8492_Post_Nuc,Micro,0.046980094157638305,491
AN00000906_Br8492_Post_Nuc,Oligo,0.19014036811918367,491
AN00000906_Br8492_Post_Nuc,OPC,0.0450119587679643,491
AN00000906_Br8492_Post_Nuc,Excit,0.40777025629548014,491
AN00000906_Br8492_Post_Nuc,Inhib,0.11019581372937429,491
AN00000906_Br8667_Ant_Bulk,Astro,0.12709593310187098,491
AN00000906_Br8667_Ant_Bulk,EndoMural,0.0967646511821876,491
AN00000906_Br8667_Ant_Bulk,Micro,0.061392227560662906,491
AN00000906_Br8667_Ant_Bulk,Oligo,0.14328746739332052,491
AN00000906_Br8667_Ant_Bulk,OPC,0.05949086448919959,491
AN00000906_Br8667_Ant_Bulk,Excit,0.4023531546512156,491
AN00000906_Br8667_Ant_Bulk,Inhib,0.10961570162154283,491
AN00000906_Br8667_Ant_Cyto,Astro,0.11549729843739392,491
AN00000906_Br8667_Ant_Cyto,EndoMural,0.11386152227772327,491
AN00000906_Br8667_Ant_Cyto,Micro,0.0710112434393309,491
AN00000906_Br8667_Ant_Cyto,Oligo,0.1391019770002449,491
AN00000906_Br8667_Ant_Cyto,OPC,0.0562769704214703,491
AN00000906_Br8667_Ant_Cyto,Excit,0.4103129060035699,491
AN00000906_Br8667_Ant_Cyto,Inhib,0.09393808242026681,491
AN00000906_Br8667_Ant_Nuc,Astro,0.127289586947926,491
AN00000906_Br8667_Ant_Nuc,EndoMural,0.1042388426449745,491
AN00000906_Br8667_Ant_Nuc,Micro,0.04639092242142355,491
AN00000906_Br8667_Ant_Nuc,Oligo,0.1543135677293127,491
AN00000906_Br8667_Ant_Nuc,OPC,0.06167988688542313,491
AN00000906_Br8667_Ant_Nuc,Excit,0.39465487710305264,491
AN00000906_Br8667_Ant_Nuc,Inhib,0.11143231626788754,491
AN00000906_Br8667_Mid_Bulk,Astro,0.1507535223228977,491
AN00000906_Br8667_Mid_Bulk,EndoMural,0.11391489403240597,491
AN00000906_Br8667_Mid_Bulk,Micro,0.06106519912841257,491
AN00000906_Br8667_Mid_Bulk,Oligo,0.09275252079804146,491
AN00000906_Br8667_Mid_Bulk,OPC,0.05540680702593587,491
AN00000906_Br8667_Mid_Bulk,Excit,0.39773293265990384,491
AN00000906_Br8667_Mid_Bulk,Inhib,0.1283741240324025,491
AN00000906_Br8667_Mid_Cyto,Astro,0.15634691254383956,491
AN00000906_Br8667_Mid_Cyto,EndoMural,0.164071995766483,491
AN00000906_Br8667_Mid_Cyto,Micro,0.06605211964646379,491
AN00000906_Br8667_Mid_Cyto,Oligo,0.08121418992320824,491
AN00000906_Br8667_Mid_Cyto,OPC,0.057292539685407075,491
AN00000906_Br8667_Mid_Cyto,Excit,0.3527901842926648,491
AN00000906_Br8667_Mid_Cyto,Inhib,0.12223205814193358,491
AN00000906_Br8667_Mid_Nuc,Astro,0.15196977359656813,491
AN00000906_Br8667_Mid_Nuc,EndoMural,0.1305901361972552,491
AN00000906_Br8667_Mid_Nuc,Micro,0.0487340872393565,491
AN00000906_Br8667_Mid_Nuc,Oligo,0.07146735194344153,491
AN00000906_Br8667_Mid_Nuc,OPC,0.06375299718688121,491
AN00000906_Br8667_Mid_Nuc,Excit,0.39363386947898477,491
AN00000906_Br8667_Mid_Nuc,Inhib,0.13985178435751272,491
